! TI8 matching to LHC V6.503, no crossing or separation

! saved on 22 April 2009 by T. Risselada + M. Meddahi

! saved on 04/09/08 by M. Meddahi
! initial conditions of I. Agapov, J. Wenninger, G. Arduini from May 2008
!New initial conditions from May 2008 values
!betx = 17.06248574,alfx =0.4588913839,
!bety=124.8219205, alfy=-3.444554843,
!dx=  -0.2527900995,dpx=  0.00334144588; ///model May 2008

!kqif.80400 =    0.033860384811 ;
!kqid.80500 =   -0.033838231854 ;

kqid.400100 =    -0.029999856569 ;
kqif.400200 =     0.013806823683 ;
kqid.400300 =    -0.009158743803 ;
kqif.400400 =     0.010025450972 ;
kqid.80100 =    -0.026095315681 ;
kqif.80200 =     0.027547398175 ;
kqid.80300 =    -0.037999988347 ;

kqif.87200 =     0.034835086586 ;
kqid.87300 =    -0.033534287780 ;
kqif.87400 =     0.021374600471 ;
kqid.87500 =    -0.032336524501 ;
kqif.87600 =     0.033607368804 ;
kqid.87700 =    -0.026856261490 ;
kqif.87800 =     0.021992403220 ;
kqid.87900 =    -0.019097804863 ;
kqif.88000 =     0.024933431818 ;
kqid.88100 =    -0.017959166075 ;

kq5.r8     =     0.004256824734 ;
abqy.88112 =     0.00036332928;
amsia.r8b2 =     0.0018616;
a.msib.r8b2=     0.0027666;
aki.a5r8.b2= 0.000818/4;
aki.b5r8.b2= 0.000818/4;
aki.c5r8.b2= 0.000818/4;
aki.d5r8.b2= 0.000818/4;

