// quadrupole strengths for TT60/TT66 after matching to focal point
kqid.610100 =      -0.0132489322 ;
kqif.610200 =     0.008303512116 ;
kqid.610300 =     -0.01080397325 ;
kqif.610400 =      0.01190386364 ;
kqid.610500 =    -0.009943323488 ;
kqif.610600 =     0.005148358045 ;
kqif.660100 =      0.01266311133 ;
kqid.660200 =     -0.01067929837 ;
kqif.660300 =      0.01358584654 ;
kqid.660400 =     -0.01022630927 ;
kqif.660500 =     0.003862865853 ;
