// quadrupole strengths for TT60/TT66 after matching to focal point
kqid.610100 =    -0.009443750211 ;
kqif.610200 =     0.009796969225 ;
kqid.610300 =     -0.01126730084 ;
kqif.610400 =      0.01154759466 ;
kqid.610500 =     -0.01522968545 ;
kqif.610600 =     0.001236090464 ;
kqif.660100 =     0.008266555311 ;
kqid.660200 =      -0.0063879687 ;
kqif.660300 =      0.01315919415 ;
kqid.660400 =     -0.01462767896 ;
kqif.660500 =      0.01548275663 ;
