// quadrupole strengths for TT60/TT66 after matching to focal point
kqid.610100 =     -0.01453471978 ;
kqif.610200 =      0.00988476164 ;
kqid.610300 =     -0.01112433761 ;
kqif.610400 =       0.0123076561 ;
kqid.610500 =    -0.008865573205 ;
kqif.610600 =     0.002879163781 ;
kqif.660100 =      0.01302964129 ;
kqid.660200 =     -0.01104438634 ;
kqif.660300 =      0.01365011583 ;
kqid.660400 =     -0.00821870856 ;
kqif.660500 =     0.002604515303 ;
