// quadrupole strengths for TT60/TT66 after matching to focal point
kqid.610100 =       -0.014307485 ;
kqif.610200 =     0.009071495763 ;
kqid.610300 =    -0.007131993543 ;
kqif.610400 =      0.01162761472 ;
kqid.610500 =     -0.01215706986 ;
kqif.610600 =     0.005030017949 ;
kqif.660100 =      0.01322001835 ;
kqid.660200 =     -0.01121164686 ;
kqif.660300 =     0.009277056284 ;
kqid.660400 =    -0.004901819386 ;
kqif.660500 =     0.001855275271 ;
