// quadrupole strengths for TT60/TT66 after matching to focal point
kqid.610100 =     -0.01108173472 ;
kqif.610200 =      0.01125256476 ;
kqid.610300 =     -0.01250824221 ;
kqif.610400 =      0.01128020266 ;
kqid.610500 =     -0.01390414203 ;
kqif.610600 =     0.005935280964 ;
kqif.660100 =     0.007050629403 ;
kqid.660200 =    -0.007676069935 ;
kqif.660300 =      0.01594095202 ;
kqid.660400 =     -0.01376890188 ;
kqif.660500 =     0.009407961284 ;
