// quadrupole strengths for TT60/TT66 after matching to focal point
kqid.610100 =     -0.01545667578 ;
kqif.610200 =     0.008060566045 ;
kqid.610300 =     -0.01003618889 ;
kqif.610400 =      0.01243698005 ;
kqid.610500 =    -0.008405354422 ;
kqif.610600 =     0.001477150901 ;
kqif.660100 =      0.01360918261 ;
kqid.660200 =     -0.01107901423 ;
kqif.660300 =      0.01313283842 ;
kqid.660400 =    -0.008467522764 ;
kqif.660500 =     0.003231909636 ;
