me00000mqdk1 =       -8.8343062930517373 ;
me00001mqfk1 =        6.0384770098868223 ;
me00002mqdk1 =       -1.130743615809753;
me00003mqf, k1 :=me00003mqfk1; 
me00003mqfk1= 0.74235829026344258 ;
me00004mqd, k1 :=  me00004mqdk1;
me00004mqdk1= -0.74235829026344258 ;
me00005mqfk1 =        2.0630636970211698 ;
me00006mqdk1 =       -3.598894393963775;
me00007mqfk1 =       2.1296320936490774 ;
me02000mqfk1 = 2.9346887009716371;
me03000mqfk1 = 1.6720594536630373;


