me00000mqdk1 = -8.2637731317843475;
me00001mqfk1 =  5.9605809457653232;
me00002mqdk1 = -1.3330131775676271;
me00003mqf, k1 := me00003mqfk1; 
me00003mqfk1 = 0.82496737815531673;
me00004mqd, k1 := me00004mqdk1;
me00004mqdk1 = -0.73167606992445933;
me00005mqfk1 =  1.550602430988377;
me00006mqdk1 = -3.4053730721885254;
me00007mqfk1 =  2.085433724450322;
me02000mqfk1 =  1.6631540199686339;
me03000mqfk1 =  1.4556368384203695;
