! TI2 strength file, names compatible with sequence exetracted from DB
! SPS to TI2 matching V.Kain 09.07.2007

! saved on 13/07/07 11:51:05 by T.Risselada

abiv.610013          :=  0.000000000000000 ;
abih.610104          :=  0.000743880000000 ;
abih.610206          :=  0.000755840000000 ;
abiv.610304          := -0.000504650000000 ;
abih.610337          :=  0.000000000000000 ;
abib.610405          :=  0.008277100000000 ;
abie.610405          := -0.008396230000000 ;
abib.610523          :=  0.008276900000000 ;
abih.20150           := -0.006000000000000 ;
abiv.20637           :=  0.003594770000000 ;
abi.22134            :=  0.007471600000000 ;
abiv.26407           := -0.003524206750000 ;
abiv.28707           :=  0.002290207500000 ;
abih.29314           := -0.002999255000000 ;
amsib.l2b1           := -0.002761735044102 ;
amsia.l2b1           := -0.001856821859847 ;
abqy.29512           :=  0.000399098000000 ;
aki.d5l2             :=  0.000198868000000 ;
aki.c5l2             :=  0.000198868000000 ;
aki.b5l2             :=  0.000198868000000 ;
aki.a5l2             :=  0.000198868000000 ;


kqid.610100          := -1.18036049e-02 ;
kqif.610200          :=  1.44989447e-02 ;
kqid.610300          := -1.00148477e-02 ;
kqif.610400          :=  1.29096218e-02 ;
kqid.610500          := -1.27544470e-02 ;
kqif.610600          :=  9.56249106e-03 ;
kqid.20100           := -2.29144020e-02 ;
kqif.20200           :=  1.57954876e-02 ;
kqid.20300           := -1.64721546e-02 ;
kqif.20400           :=  1.84210819e-02 ;
kqid.20500           := -2.70569558e-02 ;
kqif.20600           :=  2.88105810e-02 ;

kqid.20700           := -0.033849964762 ;
kqif.20800           :=  0.033849964762 ;
kqif.26000           :=  0.033849964762 ;

kqif.28600           :=  0.037485975270 ;
kqid.28700           := -0.033323911168 ;
kqif.28800           :=  0.028476615155 ;
kqid.28900           := -0.032953151216 ;
kqif.29000           :=  0.026354531285 ;
kqid.29100           := -0.018246691150 ;
kqid.29200           := -0.013437354117 ;
kqif.29300           :=  0.014548894904 ;
kqif.29400           :=  0.012356105159 ;
kqid.29500           := -0.021010693029 ;

kq5.l2               :=  0.004791964748 ;

return;
